Command 15:
4D 42 49 2D 4E 65 74 01 8F 1C 00 00 00 30 AB 4C 01 00 00 00 0D 00 00 00 00 00 00 00 0E 00 00 00 00 00 00 00 00 15 00 00 00 0C 00 BB 00 00 00 9A

Command12:
4d 42 49 2d 4e 65 74 01 8f 1c 00 00 00 4c ab 68 01 00 00 00 0d 00 00 00 00 00 00 00 0e 00 00 00 00 00 00 00 01 12 00 00 00 28 10 34 00 00 00 00 0f ff ff ff ff ff ff 00 ff ff ff ff 00 00 00 00 00 00 00 00 00 00 00 00 ff ff 00 00

Command21:
4d 42 49 2d 4e 65 74 01 8f 1c 00 00 00 4c ab 68 01 00 00 00 0d 00 00 00 00 00 00 00 0e 00 00 00 00 00 00 00 01 21 00 00 00 9c 00 00 00 00 00 00 00 00 00 00 00 00 00 00 00 00 00 00 00 00 00 00 00 00 0a 01 00 00 00 00 00 00 00 00 00 00 00 00 00 00 00 00 00 00 00 00 00 00 00 00 00 00 00 00 00 00 00 00 00 00 00 00 00 00 00 00 00 00 00 00 00 00 00 00 00 00 00 00 00 00 00 00 00 00 00 00 00 00 00 00 00 00 00 00 00 00 00 00 00 00 00 00 00 00 00 00 00 00 00 00 00 00 00 00 00 00 00 00 00 00 00 00 00 00 00 00 00 00 00 00 00 00 00 00 00 00 00 00 00 00 00 00 00 00 00 00 00 00 00 00

Command22:
4d 42 49 2d 4e 65 74 01 8f 1c 00 00 00 4c ab 68 01 00 00 00 0d 00 00 00 00 00 00 00 0e 00 00 00 00 00 00 00 01 22 00 00 00 9c 01 b2 00 00 00 00 ff ff ff ff ff ff ff ff ff ff ff ff ff ff ff ff 00 00 00 00 ff ff ff ff ff ff ff ff 00 00 00 00 00 00 00 00 00 00 00 00 00 00 00 00 00 00 00 00 00 00 00 00 00 00 00 00 00 00 00 00 00 00 00 00 00 00 00 00 00 00 00 00 00 00 00 00 00 00 00 00 00 00 00 00 00 00 00 00 00 00 00 00 00 00 00 00 00 00 00 00 00 00 00 00 00 00 00 00 00 00 00 00 00 00 00 00 00 00 00 00 00 00 00 00 00 00 00 00 00 00 00 00 00 00 00 00 00 00 00 00 00 00 00 00

Command23:
4d 42 49 2d 4e 65 74 01 8f 1c 00 00 00 4c ab 68 01 00 00 00 0d 00 00 00 00 00 00 00 0e 00 00 00 00 00 00 00 01 23 00 00 00 94 e8 b8 00 00 00 00 ff ff ff ff ff ff ff ff ff ff ff ff ff ff ff ff 00 00 00 00 01 00 43 72 61 69 67 5f 54 45 53 54 00 00 00 00 00 00 00 00 00 00 00 00 00 00 00 00 00 00 00 00 00 00 02 00 00 00 00 00 00 00 00 00 00 00 00 00 00 00 00 00 00 00 00 00 00 00 00 00 00 00 00 00 00 00 00 00 00 00 00 00 00 00 00 00 00 00 00 00 00 00 00 00 00 00 00 00 00 00 00 00 00 00 00 00 00 00 00 0B 00 14 00 00 00 00 00 00 20 17 00 00 10 00 00 00

Command25:
4D 42 49 2D 4E 65 74 01 8F 1C 00 00 00 3C AB 5A 01 00 00 00 0D 00 00 00 00 00 00 00 0E 00 00 00 00 00 00 00 00 25 00 00 00 18 23 E8 00 00 00 9A 00 00 1E 06 03 02 01 08 02 00 00 00

Command20:
4d 42 49 2d 4e 65 74 01 8f 1c 00 00 00 4c 4b 68 01 00 00 00 0d 00 00 00 00 00 00 00 0e 00 00 00 00 00 00 00 01 20 00 00 00 9C f7 b5 00 00 00 00 ff ff ff ff ff ff ff ff ff ff ff ff ff ff ff ff 00 c7 03 00 0a 01 02 03 04 05 06 07 08 09 0a 0b 0c FF FF FF 00 00 01 64 6C 69 6E 6B 0A 00 00 00 00 00 00 00 00 00 00 00 00 00 00 00 00 00 00 00 00 00 00 00 00 00 00 02 03 31 32 33 34 35 36 37 38 0A 00 00 00 00 00 00 00 00 00 00 00 00 00 00 00 00 00 00 00 00 00 00 00 00 00 00 00 00 00 00 00 00 00 00 00 00 00 00 00 00 00 00 00 00 00 00 00 00 00 00 00 00 00 00 00 06 FF FF FF FF FF 00
